# Simulation parameters for lateralJet
# Compile-time parameters: NX=64, LEVEL=12, ELECTRIC=0, DI=1

# Geometry
R1 = 1.000000000000000e+00
R2 = 1.000000000000000e+00
LIN = 1.000000000000000e+00
LBOX = 1.000000000000000e+00

# Electrical properties
EPSR1 = 8.000000000000000e+01
EPSR2 = 2.100000000000000e+00
SIGMA1 = 3.000000000000000e-03
SIGMA2 = 1.000000000000000e-10
CL = 1.000000000000000e-01

# Viscosity
MU1 = 1.000000000000000e-03
MU2 = 1.000000000000000e-01
OH1 = 6.200000000000000e-02
OH2 = 6.200000000000000e+00

# Capillary and velocity
CA1 = 1.000000000000000e-04
CA2 = 5.000000000000000e-02

# Electric field
FREQ = 1.000000000000000e+05
BOE = 0.000000000000000e+00
TELEC = 0.000000000000000e+00
V0 = 1.000000000000000e+00

# Surface tension
GAMMA = 1.000000000000000e+00

# Time control
TEND = 185.000000000000000e+00
DTOUT = 1.e50
DTDUMP = 2.
DTMAXMINE = 1.000000000000000e-02

# Restore
DUMP_FILE = dump-BOE-0
